629014
1130699
604611
662577
281014
230011
273011
1129543
232017
1081124
691212
695437
1081082
126011
1084128
1100007
1119478
268011
746016
576017
475020
1082379
585018
390013
1082544
1081215
260018
304014
1081942
394015
593038
1123017
1081165
323014
1085208
829010
1081868
1098920
224014
1101534
2590248
1083484
583013
1099654
1084557
723007
1095835
627034
566018
739037
1134139
1129501
1106855
1105055
1097278
1121730
256016
1082692
1087659
759019
763011
1104249
1087022
1082312
1120609
777037
643015
445015
1121607
1107663
1091354
505016
1082510
127019
767012
755017
243014
1081603
611012
1095819
1133875
1098565
1097260
387019
1100957
621011
1081843
1081686
146019
694034
226019
416016
699017
1092345
198010
1083682
722314
251017
1132315
1082551
7980204
639013
